VRD Test frontend (no profiling - set VRD_PROFILE_LOG to enable)
  ROM: /mnt/data/src/32x-playground/build/vr60_mode2_active.32x
  Max frames: 1260
  Autoplay: ENABLED
  Input: fixed hold mask
Core: PicoDrive (version 2.04-26ecb2b)
ROM loaded: 4128768 bytes
00000:000: couldn't open carthw.cfg!
00000:000: sram: 200000 - 203fff; eeprom: 0
Game loaded successfully
Commands:
  run [frames]                    Advance emulation (default 1)
  joypad <mask>                   Set the P1 mask used by subsequent frames
  record start <path>             Start a new frame,mask recording
  record stop                     Finalize the active recording
  regs [master|slave]             Read SH2 registers
  read <68k|master|slave> <addr> [size]
  save <path>                     Save a libretro savestate
  load <path>                     Load a matching savestate
  reset                           Assert the core's normal reset path
  status                          Show session frame
  help                            Show this help
  quit                            Exit debugger
vrd-dbg> 00002:072: 32X startup
00002:072: drc_cmn_init: 0x73792a9b0000, 4194304 bytes: 0
DRC registers created, 15 host regs (3 REG, 2 STATIC, 1 CTX)
00746:001: DREQ FIFO w16 without 68S?
00748:257: DREQ FIFO w16 without 68S?
00751:258: DREQ FIFO w16 without 68S?
00754:258: DREQ FIFO w16 without 68S?
00757:260: DREQ FIFO w16 without 68S?
00760:259: DREQ FIFO w16 without 68S?
00763:259: DREQ FIFO w16 without 68S?
00767:017: DREQ FIFO w16 without 68S?
00769:260: DREQ FIFO w16 without 68S?
00772:261: DREQ FIFO w16 without 68S?
00775:260: DREQ FIFO w16 without 68S?
00778:260: DREQ FIFO w16 without 68S?
00781:261: DREQ FIFO w16 without 68S?
00784:261: DREQ FIFO w16 without 68S?
00788:018: DREQ FIFO w16 without 68S?
00790:261: DREQ FIFO w16 without 68S?
00793:261: DREQ FIFO w16 without 68S?
00797:000: DREQ FIFO w16 without 68S?
00800:001: DREQ FIFO w16 without 68S?
00803:002: DREQ FIFO w16 without 68S?
00805:261: DREQ FIFO w16 without 68S?
00809:001: DREQ FIFO w16 without 68S?
00812:001: DREQ FIFO w16 without 68S?
00815:000: DREQ FIFO w16 without 68S?
00818:011: DREQ FIFO w16 without 68S?
00821:000: DREQ FIFO w16 without 68S?
00824:001: DREQ FIFO w16 without 68S?
00827:000: DREQ FIFO w16 without 68S?
00829:261: DREQ FIFO w16 without 68S?
00833:001: DREQ FIFO w16 without 68S?
00835:261: DREQ FIFO w16 without 68S?
00838:261: DREQ FIFO w16 without 68S?
00841:259: DREQ FIFO w16 without 68S?
00845:019: DREQ FIFO w16 without 68S?
00848:016: DREQ FIFO w16 without 68S?
00851:006: DREQ FIFO w16 without 68S?
00854:001: DREQ FIFO w16 without 68S?
00857:005: DREQ FIFO w16 without 68S?
00859:259: DREQ FIFO w16 without 68S?
00863:001: DREQ FIFO w16 without 68S?
00865:260: DREQ FIFO w16 without 68S?
00869:005: DREQ FIFO w16 without 68S?
00872:000: DREQ FIFO w16 without 68S?
Advanced 1260 frames; session frame=1260
vrd-dbg> 00FF0002: 00 88 4C BC
vrd-dbg> 00FF7B40: 01
vrd-dbg> 2600BC20: 51 32 32 49 00 00 00 00 00 00 00 02 00 00 00 01
2600BC30: 00 00 00 01 00 00 00 00 00 00 00 00 00 00 00 00
2600BC40: 00 00 00 81 06 00 04 60 00 00 82 02 00 00 00 02
2600BC50: 00 00 00 01 06 00 04 60 06 00 04 60 AE CD CD B6
vrd-dbg> 00FF6B40: 00 00 00 00 00 00 00 00 00 00 04 80 00 00 00 00
00FF6B50: 00 00 00 00 00 00 00 00 00 96 44 B4 00 A0 11 00
00FF6B60: F3 9A E3 27 00 A0 00 00 00 00 00 02 FF FF FF FF
00FF6B70: F3 E3 09 F1 E3 3F 00 00 00 00 00 00 00 00 02 80
00FF6B80: 00 00 00 00 00 00 00 00 00 00 00 00 00 00 00 00
00FF6B90: 00 00 00 00 00 02 00 00 00 00 00 00 00 00 00 00
00FF6BA0: 00 00 00 00 00 00 00 00 00 00 00 00 00 00 00 00
00FF6BB0: 00 00 F3 E3 00 00 00 00 00 00 00 00 00 00 00 00
00FF6BC0: 00 00 00 00 00 00 00 00 00 00 00 00 00 00 00 00
00FF6BD0: 00 00 00 00 00 00 00 00 00 00 00 00 00 00 00 00
00FF6BE0: 00 00 00 00 00 00 00 02 00 00 00 00 00 00 00 00
00FF6BF0: 00 00 00 00 00 00 04 80 00 00 00 00 00 00 00 00
00FF6C00: 00 03 00 00 00 00 09 F1 09 F1 00 00 00 00 00 97
00FF6C10: 3C D8 00 00 00 00 00 00 00 00 00 00 00 00 00 00
00FF6C20: 00 00 E3 3F 00 00 00 00 00 00 00 00 00 00 00 00
00FF6C30: 00 00 00 00 00 00 00 00 00 00 00 00 00 00 00 00
00FF6C40: 00 00 00 00 00 00 00 00 00 00 04 6B 00 00 00 00
00FF6C50: 00 00 00 00 00 00 00 00 00 96 48 92 00 A0 11 00
00FF6C60: F3 9A E3 27 00 A0 00 00 00 00 00 03 FF FF FF FF
00FF6C70: F4 63 09 F1 E2 F8 00 00 00 00 00 00 00 00 02 80
00FF6C80: 00 00 00 00 00 00 00 00 00 00 00 00 00 00 00 00
00FF6C90: 00 00 00 00 00 02 00 00 00 00 00 00 00 00 00 00
00FF6CA0: 00 00 00 00 00 00 00 00 00 00 00 00 00 00 00 00
00FF6CB0: 00 00 F4 63 00 00 00 00 00 00 00 00 00 00 00 00
00FF6CC0: 00 00 00 00 00 00 00 00 00 00 00 00 00 00 00 00
00FF6CD0: 00 00 00 00 00 00 00 00 00 00 00 00 00 00 00 00
00FF6CE0: 00 00 00 00 00 01 00 03 00 00 00 00 00 00 00 00
00FF6CF0: 00 00 00 00 00 00 04 6B 00 00 00 00 00 00 00 00
00FF6D00: 00 03 00 00 00 00 09 F1 09 F1 00 00 00 00 00 97
00FF6D10: 3D BA 00 00 00 00 00 00 00 00 00 00 00 00 00 00
00FF6D20: 00 00 E2 F8 00 00 00 00 00 00 00 00 00 00 00 00
00FF6D30: 00 00 00 00 00 00 00 00 00 00 00 00 00 00 00 00
00FF6D40: 00 00 00 00 00 00 00 00 00 00 04 63 00 00 00 00
00FF6D50: 00 00 00 00 00 00 00 00 00 96 4C 70 00 9E 07 00
00FF6D60: F3 E7 DF 6D 00 9E 00 00 00 00 00 04 FF FF FF FF
00FF6D70: F4 64 09 F4 DF 9E 00 00 00 00 00 00 00 00 02 78
00FF6D80: 00 00 00 00 00 00 00 00 00 00 00 00 00 00 00 00
00FF6D90: 00 00 00 00 00 02 00 00 00 00 00 00 00 00 00 00
00FF6DA0: 00 00 00 00 00 00 00 00 00 00 00 00 00 00 00 00
00FF6DB0: 00 00 F4 64 00 00 00 00 00 00 00 00 00 00 00 00
00FF6DC0: 00 00 00 00 00 00 00 00 00 00 00 00 00 00 00 00
00FF6DD0: 00 00 00 00 00 00 00 00 00 00 00 00 00 00 00 00
00FF6DE0: 00 00 00 00 00 02 00 04 00 00 00 00 00 00 00 00
00FF6DF0: 00 00 00 00 00 00 04 63 00 00 00 00 00 00 00 00
00FF6E00: 00 00 00 00 00 00 09 F4 09 F4 00 00 00 00 00 97
00FF6E10: 28 50 00 00 00 00 00 00 00 00 00 00 00 00 00 00
00FF6E20: 00 00 DF 9E 00 00 00 00 00 00 00 00 00 00 00 00
00FF6E30: 00 00 00 00 00 00 00 00 00 00 00 00 00 00 00 00
00FF6E40: 00 00 00 00 00 00 00 00 00 00 04 5F 00 00 00 00
00FF6E50: 00 00 00 00 00 00 00 00 00 96 50 4E 00 9C FF 00
00FF6E60: F4 4C DC BF 00 9C 00 00 00 00 00 05 FF FF FF FF
00FF6E70: F4 73 09 F4 DC 39 00 00 00 00 00 00 00 00 02 70
00FF6E80: 00 00 00 00 00 00 00 00 00 00 00 00 00 00 00 00
00FF6E90: 00 00 00 00 00 02 00 00 00 00 00 00 00 00 00 00
00FF6EA0: 00 00 00 00 00 00 00 00 00 00 00 00 00 00 00 00
00FF6EB0: 00 00 F4 73 00 00 00 00 00 00 00 00 00 00 00 00
00FF6EC0: 00 00 00 00 00 00 00 00 00 00 00 00 00 00 00 00
00FF6ED0: 00 00 00 00 00 00 00 00 00 00 00 00 00 00 00 00
00FF6EE0: 00 00 00 00 00 03 00 05 00 00 00 00 00 00 00 00
00FF6EF0: 00 00 00 00 00 00 04 5F 00 00 00 00 00 00 00 00
00FF6F00: 00 00 00 00 00 00 09 F4 09 F4 00 00 00 00 00 97
00FF6F10: 23 AA 00 00 00 00 00 00 00 00 00 00 00 00 00 00
00FF6F20: 00 00 DC 39 00 00 00 00 00 00 00 00 00 00 00 00
00FF6F30: 00 00 00 00 00 00 00 00 00 00 00 00 00 00 00 00
00FF6F40: 00 00 00 00 00 00 00 00 00 00 04 50 00 00 00 00
00FF6F50: 00 00 00 00 00 00 00 00 00 96 44 B4 00 99 01 00
00FF6F60: F4 54 D8 78 00 99 00 00 00 00 00 06 FF FF FF FF
00FF6F70: F4 6C 09 F4 D8 E3 00 00 00 00 00 00 00 00 02 64
00FF6F80: 00 00 00 00 00 00 00 00 00 00 00 00 00 00 00 00
00FF6F90: 00 00 00 00 00 02 00 00 00 00 00 00 00 00 00 00
00FF6FA0: 00 00 00 00 00 00 00 00 00 00 00 00 00 00 00 00
00FF6FB0: 00 00 F4 6C 00 00 00 00 00 00 00 00 00 00 00 00
00FF6FC0: 00 00 00 00 00 00 00 00 00 00 00 00 00 00 00 00
00FF6FD0: 00 00 00 00 00 00 00 00 00 00 00 00 00 00 00 00
00FF6FE0: 00 00 00 00 00 04 00 06 00 00 00 00 00 00 00 00
00FF6FF0: 00 00 00 00 00 00 04 50 00 00 00 00 00 00 00 00
00FF7000: 00 00 00 10 00 00 09 F4 09 F4 00 00 00 00 00 97
00FF7010: 16 DC 00 00 00 00 00 00 00 00 00 00 00 00 00 00
00FF7020: 00 00 D8 E3 00 00 00 00 00 00 00 00 00 00 00 00
00FF7030: 00 00 00 00 00 00 00 00 00 00 00 00 00 00 00 00
00FF7040: 00 00 00 00 00 00 00 00 00 00 04 41 00 00 00 00
00FF7050: 00 00 00 00 00 00 00 00 00 96 48 92 00 97 15 00
00FF7060: F5 1D D5 8A 00 97 00 00 00 00 00 07 FF FF FF FF
00FF7070: F4 FE 09 F4 D5 EA 00 00 00 00 00 00 00 00 02 5C
00FF7080: 00 00 00 00 00 00 00 00 00 00 00 00 00 00 00 00
00FF7090: 00 00 00 00 00 02 00 00 00 00 00 00 00 00 00 00
00FF70A0: 00 00 00 00 00 00 00 00 00 00 00 00 00 00 00 00
00FF70B0: 00 00 F4 FE 00 00 00 00 00 00 00 00 00 00 00 00
00FF70C0: 00 00 00 00 00 00 00 00 00 00 00 00 00 00 00 00
00FF70D0: 00 00 00 00 00 00 00 00 00 00 00 00 00 00 00 00
00FF70E0: 00 00 00 00 00 05 00 07 00 00 00 00 00 00 00 00
00FF70F0: 00 00 00 00 00 00 04 41 00 00 00 00 00 00 00 00
00FF7100: 00 00 00 10 00 00 09 F4 09 F4 00 00 00 00 00 97
00FF7110: 06 AA 00 00 00 00 00 00 00 00 00 00 00 00 00 00
00FF7120: 00 00 D5 EA 00 00 00 00 00 00 00 00 00 00 00 00
00FF7130: 00 00 00 00 00 00 00 00 00 00 00 00 00 00 00 00
00FF7140: 00 00 00 00 00 00 00 00 00 00 04 32 00 00 00 00
00FF7150: 00 00 00 00 00 00 00 00 00 96 4C 70 00 95 33 00
00FF7160: F7 B7 D3 82 00 95 00 00 00 00 00 08 FF FF FF FF
00FF7170: F7 B1 09 F4 D3 BF 00 00 00 00 00 00 34 00 02 54
00FF7180: 34 00 00 00 00 00 00 00 00 00 00 00 00 00 00 00
00FF7190: 00 00 00 00 00 02 00 00 00 00 00 00 00 00 00 00
00FF71A0: 00 00 00 00 00 00 00 00 00 00 00 00 00 00 00 00
00FF71B0: 00 00 F7 B1 00 00 00 00 00 00 00 00 00 00 00 00
00FF71C0: 00 00 00 00 00 00 00 00 00 00 00 00 00 00 00 00
00FF71D0: 00 00 00 00 00 00 00 00 00 00 00 00 00 00 00 00
00FF71E0: 00 00 00 00 00 06 00 08 00 00 00 00 00 00 00 00
00FF71F0: 00 00 00 00 00 00 04 32 00 00 00 00 00 00 00 00
00FF7200: 00 00 00 10 00 00 09 F4 09 F4 00 00 00 00 00 97
00FF7210: 02 06 00 00 00 00 00 00 00 00 00 00 00 00 00 00
00FF7220: 00 00 D3 BF 00 00 00 00 00 00 00 00 00 00 00 00
00FF7230: 00 00 00 00 00 00 00 00 00 00 00 00 00 00 00 00
00FF7240: 00 00 00 00 00 00 00 00 00 00 04 25 00 00 00 00
00FF7250: 00 00 00 00 00 00 00 00 00 96 50 4E 00 93 52 00
00FF7260: FA CB D3 B7 00 93 00 00 00 00 00 09 FF FF FF FF
00FF7270: FA DF 09 F4 D4 4B 00 00 00 00 00 00 50 00 02 4C
00FF7280: 50 00 00 00 00 00 00 00 00 00 00 00 00 00 00 00
00FF7290: 00 00 00 00 00 02 00 00 00 00 00 00 00 00 00 00
00FF72A0: 00 00 00 00 00 00 00 00 00 00 00 00 00 00 00 00
00FF72B0: 00 00 FA DF 00 00 00 00 00 00 00 00 00 00 00 00
00FF72C0: 00 00 00 00 00 00 00 00 00 00 00 00 00 00 00 00
00FF72D0: 00 00 00 00 00 00 00 00 00 00 00 00 00 00 00 00
00FF72E0: 00 00 00 00 00 07 00 09 00 00 00 00 00 00 00 00
00FF72F0: 00 00 00 00 00 00 04 25 00 00 00 00 00 00 00 00
00FF7300: 00 00 00 10 00 00 09 F4 09 F4 00 00 00 00 00 97
00FF7310: 0A 4C 00 00 00 00 00 00 00 00 00 00 00 00 00 00
00FF7320: 00 00 D4 4B 00 00 00 00 00 00 00 00 00 00 00 00
00FF7330: 00 00 00 00 00 00 00 00 00 00 00 00 00 00 00 00
00FF7340: 00 00 00 00 00 00 00 00 00 00 04 1C 00 00 00 00
00FF7350: 00 00 00 00 00 00 00 00 00 96 44 B4 00 91 6E 00
00FF7360: FC E9 D5 DD 00 91 00 00 00 00 00 0A FF FF FF FF
00FF7370: FC B0 09 F4 D6 9D 00 00 00 00 00 00 80 00 02 44
00FF7380: 80 00 00 00 00 00 00 00 00 00 00 00 00 00 00 00
00FF7390: 00 00 00 00 00 02 00 00 00 00 00 00 00 00 00 00
00FF73A0: 00 00 00 00 00 00 00 00 00 00 00 00 00 00 00 00
00FF73B0: 00 00 FC B0 00 00 00 00 00 00 00 00 00 00 00 00
00FF73C0: 00 00 00 00 00 00 00 00 00 00 00 00 00 00 00 00
00FF73D0: 00 00 00 00 00 00 00 00 00 00 00 00 00 00 00 00
00FF73E0: 00 00 00 00 00 08 00 0A 00 00 00 00 00 00 00 00
00FF73F0: 00 00 00 00 00 00 04 1C 00 00 00 00 00 00 00 00
00FF7400: 00 00 00 20 00 00 09 F4 09 F4 00 00 00 00 00 97
00FF7410: 13 38 00 00 00 00 00 00 00 00 00 00 00 00 00 00
00FF7420: 00 00 D6 9D 00 00 00 00 00 00 00 00 00 00 00 00
00FF7430: 00 00 00 00 00 00 00 00 00 00 00 00 00 00 00 00
00FF7440: 00 00 00 00 00 00 00 00 00 00 04 08 00 00 00 00
00FF7450: 00 00 00 00 00 00 00 00 00 96 48 92 00 8E 78 00
00FF7460: FD 55 D9 FA 00 8E 00 00 00 00 00 0B FF FF FF FF
00FF7470: FD 61 09 F5 D9 93 00 00 00 00 00 00 80 00 02 38
00FF7480: 80 00 00 00 00 00 00 00 00 00 00 00 00 00 00 00
00FF7490: 00 00 00 00 00 02 00 00 00 00 00 00 00 00 00 00
00FF74A0: 00 00 00 00 00 00 00 00 00 00 00 00 00 00 00 00
00FF74B0: 00 00 FD 61 00 00 00 00 00 00 00 00 00 00 00 00
00FF74C0: 00 00 00 00 00 00 00 00 00 00 00 00 00 00 00 00
00FF74D0: 00 00 00 00 00 00 00 00 00 00 00 00 00 00 00 00
00FF74E0: 00 00 00 00 00 09 00 0B 00 00 00 00 00 00 00 00
00FF74F0: 00 00 00 00 00 00 04 08 00 00 00 00 00 00 00 00
00FF7500: 00 00 00 20 00 00 09 F5 09 F5 00 00 00 00 00 97
00FF7510: 19 D8 00 00 00 00 00 00 00 00 00 00 00 00 00 00
00FF7520: 00 00 D9 93 00 00 00 00 00 00 00 00 00 00 00 00
00FF7530: 00 00 00 00 00 00 00 00 00 00 00 00 00 00 00 00
00FF7540: 00 00 00 00 00 00 00 00 00 00 03 FC 00 00 00 00
00FF7550: 00 00 00 00 00 00 00 00 00 96 4C 70 00 8C 7F 00
00FF7560: FD 6B DC B3 00 8C 00 00 00 00 00 0C FF FF FF FF
00FF7570: FD A0 0A 44 DC F6 00 00 00 00 00 00 80 00 02 30
00FF7580: 80 00 00 00 00 00 00 00 00 00 00 00 00 00 00 00
00FF7590: 00 00 00 00 00 02 00 00 00 00 00 00 00 00 00 00
00FF75A0: 00 00 00 00 00 00 00 00 00 00 00 00 00 00 00 00
00FF75B0: 00 00 FD A0 00 00 00 00 00 00 00 00 00 00 00 00
00FF75C0: 00 00 00 00 00 00 00 00 00 00 00 00 00 00 00 00
00FF75D0: 00 00 00 00 00 00 00 00 00 00 00 00 00 00 00 00
00FF75E0: 00 00 00 00 00 0A 00 0C 00 00 00 00 00 00 00 00
00FF75F0: 00 00 00 00 00 00 03 FC 00 00 00 00 00 00 00 00
00FF7600: 00 00 00 20 00 00 0A 44 0A 44 00 00 00 00 00 97
00FF7610: 25 E0 00 00 00 00 00 00 00 00 00 00 00 00 00 00
00FF7620: 00 00 DC F6 00 00 00 00 00 00 00 00 00 00 00 00
00FF7630: 00 00 00 00 00 00 00 00 00 00 00 00 00 00 00 00
00FF7640: 00 00 00 00 00 00 00 00 00 00 03 F3 00 00 00 00
00FF7650: 00 00 00 00 00 00 00 00 00 96 50 4E 00 8A 7F 00
00FF7660: FD 6B DF B3 00 8A 00 00 00 00 00 0D FF FF FF FF
00FF7670: FD B9 0A FE E0 50 00 00 00 00 00 00 80 00 02 28
00FF7680: 80 00 00 00 00 00 00 00 00 00 00 00 00 00 00 00
00FF7690: 00 00 00 00 00 02 00 00 00 00 00 00 00 00 00 00
00FF76A0: 00 00 00 00 00 00 00 00 00 00 00 00 00 00 00 00
00FF76B0: 00 00 FD B9 00 00 00 00 00 00 00 00 00 00 00 00
00FF76C0: 00 00 00 00 00 00 00 00 00 00 00 00 00 00 00 00
00FF76D0: 00 00 00 00 00 00 00 00 00 00 00 00 00 00 00 00
00FF76E0: 00 00 00 00 00 0B 00 0D 00 00 00 00 00 00 00 00
00FF76F0: 00 00 00 00 00 00 03 F3 00 00 00 00 00 00 00 00
00FF7700: 00 00 00 20 00 00 0A FE 0A FE 00 00 00 00 00 97
00FF7710: 31 F0 00 00 00 00 00 00 00 00 00 00 00 00 00 00
00FF7720: 00 00 E0 50 00 00 00 00 00 00 00 00 00 00 00 00
00FF7730: 00 00 00 00 00 00 00 00 00 00 00 00 00 00 00 00
00FF7740: 00 00 00 00 00 00 00 00 00 00 03 DE 00 00 00 00
00FF7750: 00 00 00 00 00 00 00 00 00 96 44 B4 00 87 73 00
00FF7760: FD C7 E3 F4 00 87 00 00 00 00 00 0E FF FF FF FF
00FF7770: FE 0E 0A F0 E3 8C 00 00 00 00 00 00 70 00 02 1C
00FF7780: 70 00 00 00 00 00 00 00 00 00 00 00 00 00 00 00
00FF7790: 00 00 00 00 00 02 00 00 00 00 00 00 00 00 00 00
00FF77A0: 00 00 00 00 00 00 00 00 00 00 00 00 00 00 00 00
00FF77B0: 00 00 FE 0E 00 00 00 00 00 00 00 00 00 00 00 00
00FF77C0: 00 00 00 00 00 00 00 00 00 00 00 00 00 00 00 00
00FF77D0: 00 00 00 00 00 00 00 00 00 00 00 00 00 00 00 00
00FF77E0: 00 00 00 00 00 0C 00 0E 00 00 00 00 00 00 00 00
00FF77F0: 00 00 00 00 00 00 03 DE 00 00 00 00 00 00 00 00
00FF7800: 00 03 00 30 00 00 0A F0 0A F0 00 00 00 00 00 97
00FF7810: 40 7C 00 00 00 00 00 00 00 00 00 00 00 00 00 00
00FF7820: 00 00 E3 8C 00 00 00 00 00 00 00 00 00 00 00 00
00FF7830: 00 00 00 00 00 00 00 00 00 00 00 00 00 00 00 00
00FF7840: 00 00 00 00 00 00 00 00 00 00 03 D8 00 00 00 00
00FF7850: 00 00 00 00 00 00 00 00 00 96 48 92 00 85 58 00
00FF7860: FF 5A E6 24 00 85 00 00 00 00 00 0F FF FF FF FF
00FF7870: FF BB 0B 53 E6 0A 00 00 00 00 00 00 60 00 02 14
00FF7880: 60 00 00 00 00 00 00 00 00 00 00 00 00 00 00 00
00FF7890: 00 00 00 00 00 02 00 00 00 00 00 00 00 00 00 00
00FF78A0: 00 00 00 00 00 00 00 00 00 00 00 00 00 00 00 00
00FF78B0: 00 00 FF BB 00 00 00 00 00 00 00 00 00 00 00 00
00FF78C0: 00 00 00 00 00 00 00 00 00 00 00 00 00 00 00 00
00FF78D0: 00 00 00 00 00 00 00 00 00 00 00 00 00 00 00 00
00FF78E0: 00 00 00 00 00 0D 00 0F 00 00 00 00 00 00 00 00
00FF78F0: 00 00 00 00 00 00 03 D8 00 00 00 00 00 00 00 00
00FF7900: 00 03 00 30 00 00 0B 53 0B 53 00 00 00 00 00 97
00FF7910: 60 32 00 00 00 00 00 00 00 00 00 00 00 00 00 00
00FF7920: 00 00 E6 0A 00 00 00 00 00 00 00 00 00 00 00 00
00FF7930: 00 00 00 00 00 00 00 00 00 00 00 00 00 00 00 00
00FF7940: 00 00 00 00 00 00 00 00 00 00 03 C0 00 00 00 00
00FF7950: 00 00 00 00 00 00 00 00 00 96 4C 70 00 82 3A 00
00FF7960: 02 9A E6 EC 00 82 00 00 00 00 00 10 FF FF FF FF
00FF7970: 02 BE 0B 3F E6 98 00 00 00 00 00 00 40 00 02 08
00FF7980: 40 00 00 00 00 00 00 00 00 00 00 00 00 00 00 00
00FF7990: 00 00 00 00 00 02 00 00 00 00 00 00 00 00 00 00
00FF79A0: 00 00 00 00 00 00 00 00 00 00 00 00 00 00 00 00
00FF79B0: 00 00 02 BE 00 00 00 00 00 00 00 00 00 00 00 00
00FF79C0: 00 00 00 00 00 00 00 00 00 00 00 00 00 00 00 00
00FF79D0: 00 00 00 00 00 00 00 00 00 00 00 00 00 00 00 00
00FF79E0: 00 00 00 00 00 0E 00 00 00 00 00 00 00 00 00 00
00FF79F0: 00 00 00 00 00 00 03 C0 00 00 00 00 00 00 00 00
00FF7A00: 00 00 00 30 00 00 0B 3F 0B 3F 00 00 00 00 00 97
00FF7A10: 63 62 00 00 00 00 00 00 00 00 00 00 00 00 00 00
00FF7A20: 00 00 E6 98 00 00 00 00 00 00 00 00 00 00 00 00
00FF7A30: 00 00 00 00 00 00 00 00 00 00 00 00 00 00 00 00
vrd-dbg> 06010000: 00 00 00 00 00 00 00 00 00 00 04 80 00 00 00 00
06010010: 00 00 00 00 00 00 00 00 00 96 44 B4 00 A0 11 00
06010020: F3 9A E3 27 00 A0 00 00 00 00 00 02 FF FF FF FF
06010030: F3 E3 09 F1 E3 3F 00 00 00 00 00 00 00 00 02 80
06010040: 00 00 00 00 00 00 00 00 00 00 00 00 00 00 00 00
06010050: 00 00 00 00 00 02 00 00 00 00 00 00 00 00 00 00
06010060: 00 00 00 00 00 00 00 00 00 00 00 00 00 00 00 00
06010070: 00 00 F3 E3 00 00 00 00 00 00 00 00 00 00 00 00
06010080: 00 00 00 00 00 00 00 00 00 00 00 00 00 00 00 00
06010090: 00 00 00 00 00 00 00 00 00 00 00 00 00 00 00 00
060100A0: 00 00 00 00 00 00 00 02 00 00 00 00 00 00 00 00
060100B0: 00 00 00 00 00 00 04 80 00 00 00 00 00 00 00 00
060100C0: 00 03 00 00 00 00 09 F1 09 F1 00 00 00 00 00 97
060100D0: 3C D8 00 00 00 00 00 00 00 00 00 00 00 00 00 00
060100E0: 00 00 E3 3F 00 00 00 00 00 00 00 00 00 00 00 00
060100F0: 00 00 00 00 00 00 00 00 00 00 00 00 00 00 00 00
06010100: 00 00 00 00 00 00 00 00 00 00 04 6B 00 00 00 00
06010110: 00 00 00 00 00 00 00 00 00 96 48 92 00 A0 11 00
06010120: F3 9A E3 27 00 A0 00 00 00 00 00 03 FF FF FF FF
06010130: F4 63 09 F1 E2 F8 00 00 00 00 00 00 00 00 02 80
06010140: 00 00 00 00 00 00 00 00 00 00 00 00 00 00 00 00
06010150: 00 00 00 00 00 02 00 00 00 00 00 00 00 00 00 00
06010160: 00 00 00 00 00 00 00 00 00 00 00 00 00 00 00 00
06010170: 00 00 F4 63 00 00 00 00 00 00 00 00 00 00 00 00
06010180: 00 00 00 00 00 00 00 00 00 00 00 00 00 00 00 00
06010190: 00 00 00 00 00 00 00 00 00 00 00 00 00 00 00 00
060101A0: 00 00 00 00 00 01 00 03 00 00 00 00 00 00 00 00
060101B0: 00 00 00 00 00 00 04 6B 00 00 00 00 00 00 00 00
060101C0: 00 03 00 00 00 00 09 F1 09 F1 00 00 00 00 00 97
060101D0: 3D BA 00 00 00 00 00 00 00 00 00 00 00 00 00 00
060101E0: 00 00 E2 F8 00 00 00 00 00 00 00 00 00 00 00 00
060101F0: 00 00 00 00 00 00 00 00 00 00 00 00 00 00 00 00
06010200: 00 00 00 00 00 00 00 00 00 00 04 63 00 00 00 00
06010210: 00 00 00 00 00 00 00 00 00 96 4C 70 00 9E 07 00
06010220: F3 E7 DF 6D 00 9E 00 00 00 00 00 04 FF FF FF FF
06010230: F4 64 09 F4 DF 9E 00 00 00 00 00 00 00 00 02 78
06010240: 00 00 00 00 00 00 00 00 00 00 00 00 00 00 00 00
06010250: 00 00 00 00 00 02 00 00 00 00 00 00 00 00 00 00
06010260: 00 00 00 00 00 00 00 00 00 00 00 00 00 00 00 00
06010270: 00 00 F4 64 00 00 00 00 00 00 00 00 00 00 00 00
06010280: 00 00 00 00 00 00 00 00 00 00 00 00 00 00 00 00
06010290: 00 00 00 00 00 00 00 00 00 00 00 00 00 00 00 00
060102A0: 00 00 00 00 00 02 00 04 00 00 00 00 00 00 00 00
060102B0: 00 00 00 00 00 00 04 63 00 00 00 00 00 00 00 00
060102C0: 00 00 00 00 00 00 09 F4 09 F4 00 00 00 00 00 97
060102D0: 28 50 00 00 00 00 00 00 00 00 00 00 00 00 00 00
060102E0: 00 00 DF 9E 00 00 00 00 00 00 00 00 00 00 00 00
060102F0: 00 00 00 00 00 00 00 00 00 00 00 00 00 00 00 00
06010300: 00 00 00 00 00 00 00 00 00 00 04 5F 00 00 00 00
06010310: 00 00 00 00 00 00 00 00 00 96 50 4E 00 9C FF 00
06010320: F4 4C DC BF 00 9C 00 00 00 00 00 05 FF FF FF FF
06010330: F4 73 09 F4 DC 39 00 00 00 00 00 00 00 00 02 70
06010340: 00 00 00 00 00 00 00 00 00 00 00 00 00 00 00 00
06010350: 00 00 00 00 00 02 00 00 00 00 00 00 00 00 00 00
06010360: 00 00 00 00 00 00 00 00 00 00 00 00 00 00 00 00
06010370: 00 00 F4 73 00 00 00 00 00 00 00 00 00 00 00 00
06010380: 00 00 00 00 00 00 00 00 00 00 00 00 00 00 00 00
06010390: 00 00 00 00 00 00 00 00 00 00 00 00 00 00 00 00
060103A0: 00 00 00 00 00 03 00 05 00 00 00 00 00 00 00 00
060103B0: 00 00 00 00 00 00 04 5F 00 00 00 00 00 00 00 00
060103C0: 00 00 00 00 00 00 09 F4 09 F4 00 00 00 00 00 97
060103D0: 23 AA 00 00 00 00 00 00 00 00 00 00 00 00 00 00
060103E0: 00 00 DC 39 00 00 00 00 00 00 00 00 00 00 00 00
060103F0: 00 00 00 00 00 00 00 00 00 00 00 00 00 00 00 00
06010400: 00 00 00 00 00 00 00 00 00 00 04 50 00 00 00 00
06010410: 00 00 00 00 00 00 00 00 00 96 44 B4 00 99 01 00
06010420: F4 54 D8 78 00 99 00 00 00 00 00 06 FF FF FF FF
06010430: F4 6C 09 F4 D8 E3 00 00 00 00 00 00 00 00 02 64
06010440: 00 00 00 00 00 00 00 00 00 00 00 00 00 00 00 00
06010450: 00 00 00 00 00 02 00 00 00 00 00 00 00 00 00 00
06010460: 00 00 00 00 00 00 00 00 00 00 00 00 00 00 00 00
06010470: 00 00 F4 6C 00 00 00 00 00 00 00 00 00 00 00 00
06010480: 00 00 00 00 00 00 00 00 00 00 00 00 00 00 00 00
06010490: 00 00 00 00 00 00 00 00 00 00 00 00 00 00 00 00
060104A0: 00 00 00 00 00 04 00 06 00 00 00 00 00 00 00 00
060104B0: 00 00 00 00 00 00 04 50 00 00 00 00 00 00 00 00
060104C0: 00 00 00 10 00 00 09 F4 09 F4 00 00 00 00 00 97
060104D0: 16 DC 00 00 00 00 00 00 00 00 00 00 00 00 00 00
060104E0: 00 00 D8 E3 00 00 00 00 00 00 00 00 00 00 00 00
060104F0: 00 00 00 00 00 00 00 00 00 00 00 00 00 00 00 00
06010500: 00 00 00 00 00 00 00 00 00 00 04 41 00 00 00 00
06010510: 00 00 00 00 00 00 00 00 00 96 48 92 00 97 15 00
06010520: F5 1D D5 8A 00 97 00 00 00 00 00 07 FF FF FF FF
06010530: F4 FE 09 F4 D5 EA 00 00 00 00 00 00 00 00 02 5C
06010540: 00 00 00 00 00 00 00 00 00 00 00 00 00 00 00 00
06010550: 00 00 00 00 00 02 00 00 00 00 00 00 00 00 00 00
06010560: 00 00 00 00 00 00 00 00 00 00 00 00 00 00 00 00
06010570: 00 00 F4 FE 00 00 00 00 00 00 00 00 00 00 00 00
06010580: 00 00 00 00 00 00 00 00 00 00 00 00 00 00 00 00
06010590: 00 00 00 00 00 00 00 00 00 00 00 00 00 00 00 00
060105A0: 00 00 00 00 00 05 00 07 00 00 00 00 00 00 00 00
060105B0: 00 00 00 00 00 00 04 41 00 00 00 00 00 00 00 00
060105C0: 00 00 00 10 00 00 09 F4 09 F4 00 00 00 00 00 97
060105D0: 06 AA 00 00 00 00 00 00 00 00 00 00 00 00 00 00
060105E0: 00 00 D5 EA 00 00 00 00 00 00 00 00 00 00 00 00
060105F0: 00 00 00 00 00 00 00 00 00 00 00 00 00 00 00 00
06010600: 00 00 00 00 00 00 00 00 00 00 04 32 00 00 00 00
06010610: 00 00 00 00 00 00 00 00 00 96 4C 70 00 95 33 00
06010620: F7 B7 D3 82 00 95 00 00 00 00 00 08 FF FF FF FF
06010630: F7 B1 09 F4 D3 BF 00 00 00 00 00 00 34 00 02 54
06010640: 34 00 00 00 00 00 00 00 00 00 00 00 00 00 00 00
06010650: 00 00 00 00 00 02 00 00 00 00 00 00 00 00 00 00
06010660: 00 00 00 00 00 00 00 00 00 00 00 00 00 00 00 00
06010670: 00 00 F7 B1 00 00 00 00 00 00 00 00 00 00 00 00
06010680: 00 00 00 00 00 00 00 00 00 00 00 00 00 00 00 00
06010690: 00 00 00 00 00 00 00 00 00 00 00 00 00 00 00 00
060106A0: 00 00 00 00 00 06 00 08 00 00 00 00 00 00 00 00
060106B0: 00 00 00 00 00 00 04 32 00 00 00 00 00 00 00 00
060106C0: 00 00 00 10 00 00 09 F4 09 F4 00 00 00 00 00 97
060106D0: 02 06 00 00 00 00 00 00 00 00 00 00 00 00 00 00
060106E0: 00 00 D3 BF 00 00 00 00 00 00 00 00 00 00 00 00
060106F0: 00 00 00 00 00 00 00 00 00 00 00 00 00 00 00 00
06010700: 00 00 00 00 00 00 00 00 00 00 04 25 00 00 00 00
06010710: 00 00 00 00 00 00 00 00 00 96 50 4E 00 93 52 00
06010720: FA CB D3 B7 00 93 00 00 00 00 00 09 FF FF FF FF
06010730: FA DF 09 F4 D4 4B 00 00 00 00 00 00 50 00 02 4C
06010740: 50 00 00 00 00 00 00 00 00 00 00 00 00 00 00 00
06010750: 00 00 00 00 00 02 00 00 00 00 00 00 00 00 00 00
06010760: 00 00 00 00 00 00 00 00 00 00 00 00 00 00 00 00
06010770: 00 00 FA DF 00 00 00 00 00 00 00 00 00 00 00 00
06010780: 00 00 00 00 00 00 00 00 00 00 00 00 00 00 00 00
06010790: 00 00 00 00 00 00 00 00 00 00 00 00 00 00 00 00
060107A0: 00 00 00 00 00 07 00 09 00 00 00 00 00 00 00 00
060107B0: 00 00 00 00 00 00 04 25 00 00 00 00 00 00 00 00
060107C0: 00 00 00 10 00 00 09 F4 09 F4 00 00 00 00 00 97
060107D0: 0A 4C 00 00 00 00 00 00 00 00 00 00 00 00 00 00
060107E0: 00 00 D4 4B 00 00 00 00 00 00 00 00 00 00 00 00
060107F0: 00 00 00 00 00 00 00 00 00 00 00 00 00 00 00 00
06010800: 00 00 00 00 00 00 00 00 00 00 04 1C 00 00 00 00
06010810: 00 00 00 00 00 00 00 00 00 96 44 B4 00 91 6E 00
06010820: FC E9 D5 DD 00 91 00 00 00 00 00 0A FF FF FF FF
06010830: FC B0 09 F4 D6 9D 00 00 00 00 00 00 80 00 02 44
06010840: 80 00 00 00 00 00 00 00 00 00 00 00 00 00 00 00
06010850: 00 00 00 00 00 02 00 00 00 00 00 00 00 00 00 00
06010860: 00 00 00 00 00 00 00 00 00 00 00 00 00 00 00 00
06010870: 00 00 FC B0 00 00 00 00 00 00 00 00 00 00 00 00
06010880: 00 00 00 00 00 00 00 00 00 00 00 00 00 00 00 00
06010890: 00 00 00 00 00 00 00 00 00 00 00 00 00 00 00 00
060108A0: 00 00 00 00 00 08 00 0A 00 00 00 00 00 00 00 00
060108B0: 00 00 00 00 00 00 04 1C 00 00 00 00 00 00 00 00
060108C0: 00 00 00 20 00 00 09 F4 09 F4 00 00 00 00 00 97
060108D0: 13 38 00 00 00 00 00 00 00 00 00 00 00 00 00 00
060108E0: 00 00 D6 9D 00 00 00 00 00 00 00 00 00 00 00 00
060108F0: 00 00 00 00 00 00 00 00 00 00 00 00 00 00 00 00
06010900: 00 00 00 00 00 00 00 00 00 00 04 08 00 00 00 00
06010910: 00 00 00 00 00 00 00 00 00 96 48 92 00 8E 78 00
06010920: FD 55 D9 FA 00 8E 00 00 00 00 00 0B FF FF FF FF
06010930: FD 61 09 F5 D9 93 00 00 00 00 00 00 80 00 02 38
06010940: 80 00 00 00 00 00 00 00 00 00 00 00 00 00 00 00
06010950: 00 00 00 00 00 02 00 00 00 00 00 00 00 00 00 00
06010960: 00 00 00 00 00 00 00 00 00 00 00 00 00 00 00 00
06010970: 00 00 FD 61 00 00 00 00 00 00 00 00 00 00 00 00
06010980: 00 00 00 00 00 00 00 00 00 00 00 00 00 00 00 00
06010990: 00 00 00 00 00 00 00 00 00 00 00 00 00 00 00 00
060109A0: 00 00 00 00 00 09 00 0B 00 00 00 00 00 00 00 00
060109B0: 00 00 00 00 00 00 04 08 00 00 00 00 00 00 00 00
060109C0: 00 00 00 20 00 00 09 F5 09 F5 00 00 00 00 00 97
060109D0: 19 D8 00 00 00 00 00 00 00 00 00 00 00 00 00 00
060109E0: 00 00 D9 93 00 00 00 00 00 00 00 00 00 00 00 00
060109F0: 00 00 00 00 00 00 00 00 00 00 00 00 00 00 00 00
06010A00: 00 00 00 00 00 00 00 00 00 00 03 FC 00 00 00 00
06010A10: 00 00 00 00 00 00 00 00 00 96 4C 70 00 8C 7F 00
06010A20: FD 6B DC B3 00 8C 00 00 00 00 00 0C FF FF FF FF
06010A30: FD A0 0A 44 DC F6 00 00 00 00 00 00 80 00 02 30
06010A40: 80 00 00 00 00 00 00 00 00 00 00 00 00 00 00 00
06010A50: 00 00 00 00 00 02 00 00 00 00 00 00 00 00 00 00
06010A60: 00 00 00 00 00 00 00 00 00 00 00 00 00 00 00 00
06010A70: 00 00 FD A0 00 00 00 00 00 00 00 00 00 00 00 00
06010A80: 00 00 00 00 00 00 00 00 00 00 00 00 00 00 00 00
06010A90: 00 00 00 00 00 00 00 00 00 00 00 00 00 00 00 00
06010AA0: 00 00 00 00 00 0A 00 0C 00 00 00 00 00 00 00 00
06010AB0: 00 00 00 00 00 00 03 FC 00 00 00 00 00 00 00 00
06010AC0: 00 00 00 20 00 00 0A 44 0A 44 00 00 00 00 00 97
06010AD0: 25 E0 00 00 00 00 00 00 00 00 00 00 00 00 00 00
06010AE0: 00 00 DC F6 00 00 00 00 00 00 00 00 00 00 00 00
06010AF0: 00 00 00 00 00 00 00 00 00 00 00 00 00 00 00 00
06010B00: 00 00 00 00 00 00 00 00 00 00 03 F3 00 00 00 00
06010B10: 00 00 00 00 00 00 00 00 00 96 50 4E 00 8A 7F 00
06010B20: FD 6B DF B3 00 8A 00 00 00 00 00 0D FF FF FF FF
06010B30: FD B9 0A FE E0 50 00 00 00 00 00 00 80 00 02 28
06010B40: 80 00 00 00 00 00 00 00 00 00 00 00 00 00 00 00
06010B50: 00 00 00 00 00 02 00 00 00 00 00 00 00 00 00 00
06010B60: 00 00 00 00 00 00 00 00 00 00 00 00 00 00 00 00
06010B70: 00 00 FD B9 00 00 00 00 00 00 00 00 00 00 00 00
06010B80: 00 00 00 00 00 00 00 00 00 00 00 00 00 00 00 00
06010B90: 00 00 00 00 00 00 00 00 00 00 00 00 00 00 00 00
06010BA0: 00 00 00 00 00 0B 00 0D 00 00 00 00 00 00 00 00
06010BB0: 00 00 00 00 00 00 03 F3 00 00 00 00 00 00 00 00
06010BC0: 00 00 00 20 00 00 0A FE 0A FE 00 00 00 00 00 97
06010BD0: 31 F0 00 00 00 00 00 00 00 00 00 00 00 00 00 00
06010BE0: 00 00 E0 50 00 00 00 00 00 00 00 00 00 00 00 00
06010BF0: 00 00 00 00 00 00 00 00 00 00 00 00 00 00 00 00
06010C00: 00 00 00 00 00 00 00 00 00 00 03 DE 00 00 00 00
06010C10: 00 00 00 00 00 00 00 00 00 96 44 B4 00 87 73 00
06010C20: FD C7 E3 F4 00 87 00 00 00 00 00 0E FF FF FF FF
06010C30: FE 0E 0A F0 E3 8C 00 00 00 00 00 00 70 00 02 1C
06010C40: 70 00 00 00 00 00 00 00 00 00 00 00 00 00 00 00
06010C50: 00 00 00 00 00 02 00 00 00 00 00 00 00 00 00 00
06010C60: 00 00 00 00 00 00 00 00 00 00 00 00 00 00 00 00
06010C70: 00 00 FE 0E 00 00 00 00 00 00 00 00 00 00 00 00
06010C80: 00 00 00 00 00 00 00 00 00 00 00 00 00 00 00 00
06010C90: 00 00 00 00 00 00 00 00 00 00 00 00 00 00 00 00
06010CA0: 00 00 00 00 00 0C 00 0E 00 00 00 00 00 00 00 00
06010CB0: 00 00 00 00 00 00 03 DE 00 00 00 00 00 00 00 00
06010CC0: 00 03 00 30 00 00 0A F0 0A F0 00 00 00 00 00 97
06010CD0: 40 7C 00 00 00 00 00 00 00 00 00 00 00 00 00 00
06010CE0: 00 00 E3 8C 00 00 00 00 00 00 00 00 00 00 00 00
06010CF0: 00 00 00 00 00 00 00 00 00 00 00 00 00 00 00 00
06010D00: 00 00 00 00 00 00 00 00 00 00 03 D8 00 00 00 00
06010D10: 00 00 00 00 00 00 00 00 00 96 48 92 00 85 58 00
06010D20: FF 5A E6 24 00 85 00 00 00 00 00 0F FF FF FF FF
06010D30: FF BB 0B 53 E6 0A 00 00 00 00 00 00 60 00 02 14
06010D40: 60 00 00 00 00 00 00 00 00 00 00 00 00 00 00 00
06010D50: 00 00 00 00 00 02 00 00 00 00 00 00 00 00 00 00
06010D60: 00 00 00 00 00 00 00 00 00 00 00 00 00 00 00 00
06010D70: 00 00 FF BB 00 00 00 00 00 00 00 00 00 00 00 00
06010D80: 00 00 00 00 00 00 00 00 00 00 00 00 00 00 00 00
06010D90: 00 00 00 00 00 00 00 00 00 00 00 00 00 00 00 00
06010DA0: 00 00 00 00 00 0D 00 0F 00 00 00 00 00 00 00 00
06010DB0: 00 00 00 00 00 00 03 D8 00 00 00 00 00 00 00 00
06010DC0: 00 03 00 30 00 00 0B 53 0B 53 00 00 00 00 00 97
06010DD0: 60 32 00 00 00 00 00 00 00 00 00 00 00 00 00 00
06010DE0: 00 00 E6 0A 00 00 00 00 00 00 00 00 00 00 00 00
06010DF0: 00 00 00 00 00 00 00 00 00 00 00 00 00 00 00 00
06010E00: 00 00 00 00 00 00 00 00 00 00 03 C0 00 00 00 00
06010E10: 00 00 00 00 00 00 00 00 00 96 4C 70 00 82 3A 00
06010E20: 02 9A E6 EC 00 82 00 00 00 00 00 10 FF FF FF FF
06010E30: 02 BE 0B 3F E6 98 00 00 00 00 00 00 40 00 02 08
06010E40: 40 00 00 00 00 00 00 00 00 00 00 00 00 00 00 00
06010E50: 00 00 00 00 00 02 00 00 00 00 00 00 00 00 00 00
06010E60: 00 00 00 00 00 00 00 00 00 00 00 00 00 00 00 00
06010E70: 00 00 02 BE 00 00 00 00 00 00 00 00 00 00 00 00
06010E80: 00 00 00 00 00 00 00 00 00 00 00 00 00 00 00 00
06010E90: 00 00 00 00 00 00 00 00 00 00 00 00 00 00 00 00
06010EA0: 00 00 00 00 00 0E 00 00 00 00 00 00 00 00 00 00
06010EB0: 00 00 00 00 00 00 03 C0 00 00 00 00 00 00 00 00
06010EC0: 00 00 00 30 00 00 0B 3F 0B 3F 00 00 00 00 00 97
06010ED0: 63 62 00 00 00 00 00 00 00 00 00 00 00 00 00 00
06010EE0: 00 00 E6 98 00 00 00 00 00 00 00 00 00 00 00 00
06010EF0: 00 00 00 00 00 00 00 00 00 00 00 00 00 00 00 00
vrd-dbg> Master SH2: PC=06000460 PR=06000474 SR=00000021 GBR=0600F400 VBR=06000000
  MACH=FFFFFFFF MACL=0000555C state=00000004 poll_addr=00000020 poll_cnt=9
  R0 =00000000  R1 =20004023
  R2 =00000000  R3 =2601AEC0
  R4 =000000CF  R5 =FFFFFEC7
  R6 =00000002  R7 =00000000
  R8 =20004020  R9 =04032EFC
  R10=06007B88  R11=00000008
  R12=00000000  R13=00000200
  R14=0600CA00  R15=0600FF80
vrd-dbg> Slave SH2: PC=06000608 PR=060005A6 SR=00000021 GBR=20004100 VBR=06000140
  MACH=FFFFFFEB MACL=00000000 state=00000000 poll_addr=00000000 poll_cnt=0
  R0 =00000000  R1 =20004024
  R2 =00000002  R3 =06000592
  R4 =00005353  R5 =24013A00
  R6 =00000000  R7 =00000001
  R8 =2000402E  R9 =0601AEC8
  R10=00000000  R11=00000000
  R12=01148000  R13=01168000
  R14=C0000700  R15=06010000
vrd-dbg> 01260:261: 32X shutdown
